(-0.4956, 0.1862, 0.0221, -1.3478, -1.1555, 1.2849)
(-0.4956, 0.1862, 0.0221, -1.3478, -1.1555, 1.2849)
(-0.4956, 0.1862, 0.0221, -1.3478, -1.1555, 1.285)
(-0.4956, 0.1862, 0.0221, -1.3478, -1.1556, 1.285)
(-0.4956, 0.1862, 0.022, -1.3479, -1.1555, 1.285)
(-0.4956, 0.1862, 0.0221, -1.3478, -1.1555, 1.2849)
(-0.4956, 0.1861, 0.022, -1.3479, -1.1556, 1.285)
(-0.4956, 0.1862, 0.0221, -1.3478, -1.1556, 1.285)
(-0.4956, 0.1861, 0.022, -1.3478, -1.1556, 1.285)
(-0.4956, 0.1862, 0.0221, -1.3478, -1.1556, 1.285)
(-0.4956, 0.1862, 0.0221, -1.3477, -1.1556, 1.285)
(-0.4956, 0.1862, 0.0221, -1.3478, -1.1556, 1.285)
(-0.4956, 0.1862, 0.022, -1.3478, -1.1556, 1.285)
(-0.4956, 0.1861, 0.0221, -1.3477, -1.1556, 1.2851)
(-0.4956, 0.1861, 0.022, -1.3478, -1.1556, 1.2851)
(-0.4956, 0.1862, 0.0221, -1.3478, -1.1556, 1.285)
(-0.4956, 0.1861, 0.0221, -1.3477, -1.1556, 1.2851)
(-0.4956, 0.1861, 0.0221, -1.3478, -1.1556, 1.2851)
(-0.4956, 0.1861, 0.0221, -1.3477, -1.1557, 1.2851)
(-0.4956, 0.1857, 0.0222, -1.346, -1.1574, 1.2868)
(-0.4957, 0.1857, 0.0222, -1.3461, -1.1575, 1.2869)
(-0.4961, 0.1844, 0.0221, -1.3452, -1.1596, 1.2888)
(-0.4982, 0.1787, 0.022, -1.3411, -1.1687, 1.2968)
(-0.5001, 0.174, 0.0219, -1.3382, -1.1758, 1.3028)
(-0.5006, 0.1749, 0.021, -1.3478, -1.1728, 1.2998)
(-0.5041, 0.1679, 0.0199, -1.3531, -1.1824, 1.3074)
(-0.5078, 0.1608, 0.0197, -1.3546, -1.178, 1.2996)
(-0.5075, 0.1605, 0.0194, -1.3543, -1.1778, 1.2995)
(-0.5074, 0.1604, 0.0194, -1.3538, -1.1778, 1.2995)
(-0.5077, 0.1589, 0.0196, -1.351, -1.1797, 1.3012)
(-0.5088, 0.1538, 0.0203, -1.3407, -1.1865, 1.3072)
(-0.5118, 0.1417, 0.0211, -1.3232, -1.2037, 1.3226)
(-0.5148, 0.1313, 0.0211, -1.3158, -1.2171, 1.3338)
(-0.5155, 0.1284, 0.021, -1.3134, -1.2211, 1.3372)
(-0.5161, 0.1238, 0.021, -1.3077, -1.225, 1.3405)
(-0.5159, 0.1209, 0.0207, -1.3041, -1.2272, 1.3424)
(-0.5152, 0.1152, 0.0206, -1.2924, -1.2323, 1.3477)
(-0.5145, 0.1113, 0.0201, -1.2862, -1.2361, 1.3513)
(-0.513, 0.1063, 0.0194, -1.2776, -1.24, 1.3554)
(-0.5116, 0.1021, 0.0187, -1.2708, -1.2433, 1.3587)
(-0.5092, 0.095, 0.0181, -1.2554, -1.248, 1.3643)
(-0.5059, 0.0835, 0.0175, -1.2311, -1.2565, 1.3743)
(-0.5051, 0.0787, 0.0174, -1.2221, -1.2605, 1.3788)
(-0.5048, 0.0761, 0.0174, -1.2178, -1.2625, 1.381)
(-0.5038, 0.0725, 0.0173, -1.2108, -1.2642, 1.3834)
(-0.5028, 0.0672, 0.0173, -1.2007, -1.2681, 1.3881)
(-0.502, 0.0631, 0.0175, -1.1919, -1.2713, 1.3922)
(-0.5011, 0.0578, 0.0178, -1.1805, -1.2754, 1.3975)
(-0.5001, 0.0517, 0.0179, -1.17, -1.2766, 1.4005)
(-0.4993, 0.0464, 0.018, -1.1664, -1.2684, 1.3954)
(-0.4984, 0.0399, 0.0179, -1.1687, -1.2482, 1.3807)
(-0.4975, 0.0333, 0.0185, -1.1613, -1.2399, 1.3777)
(-0.497, 0.0304, 0.0192, -1.1532, -1.2418, 1.3816)
(-0.4962, 0.0234, 0.0207, -1.1337, -1.2464, 1.3909)
(-0.4954, 0.0155, 0.0218, -1.1159, -1.2534, 1.4021)
(-0.4951, 0.011, 0.0224, -1.1069, -1.2576, 1.4084)
(-0.4948, 0.0063, 0.0231, -1.0973, -1.2616, 1.4147)
(-0.4943, 0.0012, 0.0234, -1.0932, -1.2588, 1.4159)
(-0.4938, -0.0063, 0.0235, -1.1024, -1.2377, 1.4039)
(-0.4927, -0.0123, 0.0235, -1.1119, -1.2168, 1.3915)
(-0.4917, -0.0189, 0.0246, -1.0994, -1.2188, 1.3996)
(-0.4908, -0.0278, 0.0253, -1.0863, -1.229, 1.4134)
(-0.4902, -0.0355, 0.0254, -1.0777, -1.2394, 1.4253)
(-0.4897, -0.041, 0.0255, -1.0719, -1.2469, 1.4337)
(-0.4892, -0.0467, 0.0255, -1.0663, -1.2549, 1.4424)
(-0.4888, -0.0515, 0.0255, -1.0614, -1.2614, 1.4496)
(-0.4874, -0.0634, 0.0255, -1.0497, -1.2787, 1.468)
(-0.4867, -0.0686, 0.0254, -1.0449, -1.2866, 1.476)
(-0.4867, -0.0687, 0.0254, -1.0445, -1.2867, 1.4763)
(-0.4868, -0.0687, 0.0257, -1.0437, -1.2866, 1.4765)
(-0.4868, -0.0685, 0.0257, -1.0439, -1.2863, 1.4763)
(-0.4868, -0.0685, 0.0257, -1.0439, -1.2863, 1.4763)
(-0.4868, -0.0686, 0.0257, -1.0438, -1.2864, 1.4764)
(-0.4868, -0.0685, 0.0257, -1.0439, -1.2863, 1.4763)
(-0.4868, -0.0685, 0.0257, -1.0439, -1.2863, 1.4763)
(-0.4868, -0.0685, 0.0257, -1.0439, -1.2863, 1.4763)
(-0.4868, -0.0685, 0.0257, -1.0439, -1.2863, 1.4763)
(-0.4868, -0.0685, 0.0257, -1.0438, -1.2863, 1.4763)
(-0.4868, -0.0685, 0.0257, -1.0438, -1.2863, 1.4763)
(-0.4868, -0.0685, 0.0257, -1.0438, -1.2863, 1.4763)
(-0.4868, -0.0685, 0.0257, -1.0439, -1.2863, 1.4763)
